nb_pop,nb_men,nb_woman
55665,26637,29028
55665,26637,29028
55653,26640,29013
55653,26640,29013
55653,26640,29013
55653,26640,29013
55653,26640,29013
55653,26640,29013
55734,26683,29051
55807,26704,29103
55825,26703,29122
55825,26703,29122
55825,26703,29122
55883,26734,29149
55883,26734,29149
55867,26721,29146
55867,26721,29146
55867,26721,29146
55867,26721,29146
55867,26721,29146
55867,26721,29146
55943,26749,29194
56037,26801,29236
56063,26821,29242
56063,26821,29242
56063,26821,29242
56107,26846,29261
56107,26846,29261
56098,26840,29258
56098,26840,29258
56098,26840,29258
56098,26840,29258
56098,26840,29258
56098,26840,29258
56186,26880,29306
56260,26925,29335
56299,26931,29368
56299,26931,29368
56299,26931,29368
56357,26963,29394
56357,26963,29394
56322,26934,29388
56322,26934,29388
56322,26934,29388
56322,26934,29388
56322,26934,29388
56322,26934,29388
56401,26979,29422
56451,27006,29445
56463,27011,29452
56463,27011,29452
56463,27011,29452
56511,27040,29471
56511,27040,29471
56483,27026,29457
56483,27026,29457
56483,27026,29457
56483,27026,29457
56483,27026,29457
56483,27026,29457
56555,27054,29501
56618,27085,29533
56633,27098,29535
56633,27098,29535
56633,27098,29535
56676,27128,29548
56676,27128,29548
56650,27119,29531
56650,27119,29531
56650,27119,29531
56650,27119,29531
56650,27119,29531
56650,27119,29531
56729,27153,29576
56789,27186,29603
56812,27188,29624
56812,27188,29624
56812,27188,29624
56848,27202,29646
56848,27202,29646
56825,27196,29629
56825,27196,29629
56825,27196,29629
56825,27196,29629
56825,27196,29629
56825,27196,29629
56893,27231,29662
56934,27260,29674
56957,27271,29686
56957,27271,29686
56957,27271,29686
56991,27285,29706
56991,27285,29706
56944,27258,29686
56944,27258,29686
56944,27258,29686
56944,27258,29686
56944,27258,29686
56944,27258,29686
57004,27276,29728
57053,27305,29748
57053,27301,29752
57053,27301,29752
57053,27301,29752
57080,27320,29760
57080,27320,29760
57037,27298,29739
