nb_pop_total,nb_men_total,nb_woman_total
654038,316350,337688
654152,316420,337732
654213,316462,337751
654682,316707,337975
655550,317134,338416
655972,317334,338638
657588,318118,339470
658837,318735,340102
659466,319034,340432
659614,319097,340517
659676,319107,340569
659676,319108,340568
659757,319151,340606
660266,319404,340862
660363,319453,340910
660411,319464,340947
660754,319644,341110
661619,320068,341551
662052,320294,341758
663484,321040,342444
664607,321614,342993
665142,321885,343257
665287,321962,343325
665380,322013,343367
665378,322012,343366
665484,322075,343409
665845,322255,343590
665979,322308,343671
666010,322333,343677
666431,322527,343904
667429,323045,344384
667808,323260,344548
669418,324034,345384
670410,324514,345896
670976,324775,346201
671106,324837,346269
671222,324873,346349
671220,324872,346348
671249,324894,346355
671669,325119,346550
671718,325128,346590
671725,325118,346607
672015,325243,346772
672938,325718,347220
673370,325927,347443
674867,326679,348188
675957,327229,348728
676511,327539,348972
676604,327599,349005
676674,327638,349036
676672,327638,349034
676733,327664,349069
677162,327890,349272
677255,327953,349302
677263,327965,349298
677687,328191,349496
678591,328677,349914
678982,328858,350124
680386,329545,350841
681524,330127,351397
682025,330389,351636
682135,330445,351690
682201,330461,351740
682200,330460,351740
682231,330487,351744
682666,330690,351976
682804,330748,352056
682815,330762,352053
683171,330972,352199
683958,331368,352590
684328,331575,352753
685818,332318,353500
686919,332877,354042
687502,333159,354343
687584,333214,354370
687653,333242,354411
687648,333243,354405
687671,333257,354414
688034,333439,354595
688148,333500,354648
688136,333508,354628
688402,333652,354750
689274,334110,355164
689605,334247,355358
690858,334873,355985
691945,335389,356556
692442,335646,356796
692494,335662,356832
692555,335693,356862
692550,335693,356857
692570,335701,356869
692886,335830,357056
692896,335829,357067
692856,335801,357055
693049,335882,357167
693843,336272,357571
694195,336439,357756
695606,337159,358447
696614,337681,358933
697065,337883,359182
697122,337920,359202
697149,337921,359228
697144,337919,359225
697172,337927,359245
697452,338090,359362
697467,338113,359354
697471,338116,359355
