nb_pop,nb_men,nb_woman
123542,59910,63632
123542,59910,63632
123574,59925,63649
123654,59955,63699
123867,60054,63813
123960,60093,63867
124472,60323,64149
124616,60393,64223
124616,60393,64223
124712,60443,64269
124712,60443,64269
124712,60443,64269
124712,60443,64269
124712,60443,64269
124712,60443,64269
124743,60462,64281
124747,60478,64269
124977,60600,64377
125067,60651,64416
125492,60894,64598
125625,60971,64654
125625,60971,64654
125711,61014,64697
125711,61014,64697
125711,61014,64697
125711,61014,64697
125711,61014,64697
125711,61014,64697
125734,61034,64700
125781,61053,64728
126039,61166,64873
126125,61212,64913
126619,61447,65172
126728,61508,65220
126728,61508,65220
126804,61537,65267
126804,61537,65267
126804,61537,65267
126804,61537,65267
126804,61537,65267
126804,61537,65267
126841,61556,65285
126828,61550,65278
127055,61669,65386
127152,61724,65428
127615,61947,65668
127733,62011,65722
127733,62011,65722
127799,62050,65749
127799,62050,65749
127799,62050,65749
127799,62050,65749
127799,62050,65749
127799,62050,65749
127823,62060,65763
127870,62083,65787
128096,62194,65902
128173,62236,65937
128562,62416,66146
128679,62478,66201
128679,62478,66201
128758,62523,66235
128758,62523,66235
128758,62523,66235
128758,62523,66235
128758,62523,66235
128758,62523,66235
128776,62531,66245
128779,62530,66249
128971,62633,66338
129053,62689,66364
129557,62958,66599
129670,63016,66654
129670,63016,66654
129726,63055,66671
129726,63055,66671
129726,63055,66671
129726,63055,66671
129726,63055,66671
129726,63055,66671
129736,63058,66678
129713,63058,66655
129917,63165,66752
130000,63197,66803
130342,63383,66959
130457,63446,67011
130457,63446,67011
130510,63454,67056
130510,63454,67056
130510,63454,67056
130510,63454,67056
130510,63454,67056
130510,63454,67056
130522,63463,67059
130459,63424,67035
130650,63508,67142
130740,63558,67182
131158,63764,67394
131262,63828,67434
131262,63828,67434
131315,63850,67465
131315,63850,67465
131315,63850,67465
131315,63850,67465
131315,63850,67465
131315,63850,67465
131342,63863,67479
