nb_pop,nb_men,nb_woman
51637,25121,26516
51637,25121,26516
51637,25121,26516
51797,25212,26585
51797,25212,26585
51952,25286,26666
52581,25602,26979
52881,25761,27120
52881,25761,27120
52881,25761,27120
52881,25761,27120
52881,25761,27120
52881,25761,27120
53066,25861,27205
53066,25861,27205
53066,25861,27205
53213,25933,27280
53213,25933,27280
53369,26021,27348
53952,26320,27632
54226,26439,27787
54226,26439,27787
54226,26439,27787
54226,26439,27787
54226,26439,27787
54226,26439,27787
54379,26510,27869
54379,26510,27869
54379,26510,27869
54542,26582,27960
54542,26582,27960
54675,26643,28032
55296,26946,28350
55553,27068,28485
55553,27068,28485
55553,27068,28485
55553,27068,28485
55553,27068,28485
55553,27068,28485
55718,27166,28552
55718,27166,28552
55718,27166,28552
55854,27230,28624
55854,27230,28624
56002,27295,28707
56612,27612,29000
56901,27763,29138
56901,27763,29138
56901,27763,29138
56901,27763,29138
56901,27763,29138
56901,27763,29138
57066,27855,29211
57066,27855,29211
57066,27855,29211
57245,27946,29299
57245,27946,29299
57397,28014,29383
58009,28325,29684
58310,28471,29839
58310,28471,29839
58310,28471,29839
58310,28471,29839
58310,28471,29839
58310,28471,29839
58471,28553,29918
58471,28553,29918
58471,28553,29918
58629,28636,29993
58629,28636,29993
58761,28700,30061
59317,28977,30340
59615,29135,30480
59615,29135,30480
59615,29135,30480
59615,29135,30480
59615,29135,30480
59615,29135,30480
59780,29223,30557
59780,29223,30557
59780,29223,30557
59900,29271,30629
59900,29271,30629
60043,29341,30702
60579,29592,30987
60872,29733,31139
60872,29733,31139
60872,29733,31139
60872,29733,31139
60872,29733,31139
60872,29733,31139
61011,29794,31217
61011,29794,31217
61011,29794,31217
61137,29860,31277
61137,29860,31277
61297,29943,31354
61854,30225,31629
62138,30379,31759
62138,30379,31759
62138,30379,31759
62138,30379,31759
62138,30379,31759
62138,30379,31759
62253,30453,31800
62253,30453,31800
62253,30453,31800
